\begin {table}[H]
  \caption{Correlation matrix within the SPEC}
  \label{table:speccorrmtx}
  \begin{tabular}{lrrrrrrrrrrr}
    \toprule
        {} &  Identification Self &  Understanding Self &  Expression Self &  Regulation Self &   Use Self &  Identification Others &  Understanding Others &  Expression Others &  Regulation Others &  Use Others &  Total \\
        \midrule
        Identification Self   &            1.000000 &           0.483208 &        0.508196 &        0.066678 &  0.152394 &              0.080411 &             0.230340 &          0.102367 &          0.288235 &   0.009169 &           0.576122 \\
        Understanding Self    &            0.483208 &           1.000000 &        0.321345 &        0.237110 &  0.164942 &              0.128579 &             0.271955 &          0.239776 &          0.213501 &  -0.106814 &           0.573843 \\
        Expression Self       &            0.508196 &           0.321345 &        1.000000 &        0.148561 &  0.252514 &              0.344267 &             0.377190 &          0.241453 &          0.385991 &   0.004711 &           0.725128 \\
        Regulation Self       &            0.066678 &           0.237110 &        0.148561 &        1.000000 &  0.102744 &              0.180675 &             0.039968 &          0.231924 &          0.155086 &  -0.226844 &           0.402968 \\
        Use Self              &            0.152394 &           0.164942 &        0.252514 &        0.102744 &  1.000000 &              0.198152 &             0.171327 &          0.217404 &          0.226351 &  -0.139603 &           0.458303 \\
        Identification Others &            0.080411 &           0.128579 &        0.344267 &        0.180675 &  0.198152 &              1.000000 &             0.288057 &          0.261758 &          0.061377 &  -0.046355 &           0.477437 \\
        Understanding Others  &            0.230340 &           0.271955 &        0.377190 &        0.039968 &  0.171327 &              0.288057 &             1.000000 &          0.316039 &          0.298453 &   0.188450 &           0.606505 \\
        Expression Others     &            0.102367 &           0.239776 &        0.241453 &        0.231924 &  0.217404 &              0.261758 &             0.316039 &          1.000000 &          0.386990 &  -0.282212 &           0.528418 \\
        Regulation Others     &            0.288235 &           0.213501 &        0.385991 &        0.155086 &  0.226351 &              0.061377 &             0.298453 &          0.386990 &          1.000000 &   0.005424 &           0.602202 \\
        Use Others            &            0.009169 &          -0.106814 &        0.004711 &       -0.226844 & -0.139603 &             -0.046355 &             0.188450 &         -0.282212 &          0.005424 &   1.000000 &           0.097506 \\
        Total SPEC    &            0.576122 &           0.573843 &        0.725128 &        0.402968 &  0.458303 &              0.477437 &             0.606505 &          0.528418 &          0.602202 &   0.097506 &           1.000000 \\
        \bottomrule
  \end{tabular}
\end{table}



\begin {table}[H]
  \caption{Correlations between the SPEC sub-scales and the METT}
  \label{table:specmettcorr}
  \begin{tabular}{lr}
    \toprule
    SPEC sub-scale &       r \\
    \midrule
    Identification  Self   &  0.0831 \\
    Understanding  Self    &  0.2260 \\
    Expression  Self       &  0.1861 \\
    Regulation  Self       & -0.0633 \\
    Use  Self              & -0.0672 \\
    Identification  Others &  0.0948 \\
    Understanding  Others  &  0.1709 \\
    Expression  Others     &  0.2091 \\
    Regulation  Others     &  0.1050 \\
    Use  Others            & -0.2848 \\
    \midrule
    \textbf{Total}      &  0.1178 \\
    \bottomrule
  \end{tabular}
\end{table}
